epoch:0 0.2350  0.4111  0.2459  0.1338  0.2578  0.3063  0.2297  0.3747  0.3927  0.2180  0.4232  0.5052  1.0145  0.100000
epoch:1 0.2495  0.4341  0.2604  0.1361  0.2766  0.3344  0.2415  0.3896  0.4077  0.2176  0.4357  0.5352  0.9376  0.100000
epoch:2 0.2560  0.4434  0.2670  0.1423  0.2845  0.3375  0.2494  0.4035  0.4233  0.2399  0.4602  0.5534  0.9251  0.100000
epoch:3 0.2573  0.4389  0.2697  0.1360  0.2856  0.3267  0.2488  0.4034  0.4258  0.2500  0.4567  0.5407  0.9194  0.100000
epoch:4 0.2503  0.4352  0.2620  0.1416  0.2831  0.3149  0.2462  0.3984  0.4189  0.2377  0.4504  0.5371  0.9153  0.100000
epoch:5 0.2516  0.4305  0.2645  0.1380  0.2834  0.3159  0.2417  0.3919  0.4126  0.2275  0.4443  0.5281  0.9122  0.100000
epoch:6 0.2617  0.4479  0.2738  0.1451  0.2928  0.3428  0.2538  0.4085  0.4290  0.2423  0.4680  0.5606  0.9093  0.100000
epoch:7 0.2559  0.4422  0.2694  0.1437  0.2807  0.3326  0.2511  0.4126  0.4333  0.2559  0.4692  0.5415  0.9078  0.100000
epoch:8 0.2636  0.4455  0.2800  0.1510  0.2946  0.3348  0.2537  0.4044  0.4235  0.2390  0.4591  0.5374  0.9050  0.100000
epoch:9 0.2626  0.4474  0.2762  0.1417  0.2889  0.3302  0.2524  0.4104  0.4312  0.2385  0.4665  0.5448  0.9042  0.100000
epoch:10 0.2598  0.4477  0.2758  0.1519  0.2921  0.3227  0.2520  0.4159  0.4376  0.2574  0.4744  0.5393  0.9015  0.100000
epoch:11 0.2622  0.4483  0.2751  0.1431  0.2962  0.3385  0.2559  0.4093  0.4307  0.2411  0.4655  0.5551  0.9015  0.100000
epoch:12 0.2646  0.4510  0.2803  0.1503  0.2895  0.3423  0.2535  0.4190  0.4420  0.2638  0.4749  0.5515  0.8996  0.100000
epoch:13 0.2672  0.4515  0.2826  0.1531  0.3000  0.3431  0.2549  0.4095  0.4298  0.2485  0.4695  0.5455  0.8987  0.100000
epoch:14 0.3678  0.5700  0.3993  0.2182  0.4051  0.4698  0.3114  0.5000  0.5272  0.3382  0.5688  0.6604  0.7798  0.010000
epoch:15 0.3709  0.5787  0.4027  0.2198  0.4079  0.4706  0.3140  0.5041  0.5320  0.3514  0.5708  0.6631  0.7473  0.010000
epoch:16 0.3766  0.5809  0.4085  0.2148  0.4147  0.4819  0.3150  0.5035  0.5302  0.3354  0.5727  0.6730  0.7308  0.010000
epoch:17 0.3777  0.5849  0.4109  0.2237  0.4161  0.4847  0.3149  0.5068  0.5327  0.3452  0.5748  0.6748  0.7179  0.010000
epoch:18 0.3761  0.5799  0.4093  0.2165  0.4112  0.4914  0.3168  0.5041  0.5296  0.3355  0.5665  0.6760  0.7068  0.010000
epoch:19 0.3754  0.5783  0.4072  0.2185  0.4144  0.4840  0.3140  0.5020  0.5281  0.3342  0.5715  0.6658  0.6975  0.010000
epoch:20 0.3729  0.5773  0.4043  0.2187  0.4104  0.4806  0.3126  0.4968  0.5221  0.3311  0.5624  0.6614  0.6910  0.010000
epoch:21 0.3717  0.5743  0.4044  0.2130  0.4058  0.4842  0.3131  0.5012  0.5269  0.3418  0.5629  0.6728  0.6850  0.010000
epoch:22 0.3852  0.5894  0.4200  0.2223  0.4193  0.5001  0.3187  0.5055  0.5303  0.3348  0.5662  0.6800  0.6430  0.001000
epoch:23 0.3858  0.5884  0.4201  0.2208  0.4197  0.5073  0.3185  0.5039  0.5290  0.3316  0.5633  0.6819  0.6294  0.001000
epoch:24 0.3829  0.5863  0.4158  0.2194  0.4167  0.5026  0.3180  0.5028  0.5268  0.3282  0.5602  0.6807  0.6223  0.001000
epoch:25 0.3821  0.5855  0.4153  0.2178  0.4154  0.4989  0.3155  0.4995  0.5240  0.3253  0.5573  0.6757  0.6164  0.001000
