epoch:0 0.2272  0.3873  0.2375  0.0979  0.2448  0.3426  0.2262  0.3577  0.3743  0.1933  0.4123  0.4922  1.0145  0.100000
epoch:1 0.2424  0.4117  0.2509  0.1035  0.2588  0.3645  0.2392  0.3739  0.3901  0.1914  0.4213  0.5306  0.9376  0.100000
epoch:2 0.2457  0.4180  0.2561  0.1040  0.2662  0.3700  0.2448  0.3845  0.4016  0.2090  0.4406  0.5369  0.9251  0.100000
epoch:3 0.2422  0.4139  0.2497  0.1015  0.2666  0.3514  0.2415  0.3811  0.4002  0.2161  0.4345  0.5343  0.9194  0.100000
epoch:4 0.2391  0.4099  0.2489  0.1014  0.2609  0.3474  0.2401  0.3767  0.3945  0.2056  0.4279  0.5264  0.9153  0.100000
epoch:5 0.2385  0.4058  0.2506  0.0968  0.2600  0.3506  0.2345  0.3684  0.3865  0.1929  0.4206  0.5139  0.9122  0.100000
epoch:6 0.2525  0.4236  0.2632  0.1060  0.2711  0.3795  0.2495  0.3879  0.4057  0.2149  0.4484  0.5387  0.9093  0.100000
epoch:7 0.2454  0.4175  0.2558  0.1025  0.2665  0.3671  0.2457  0.3890  0.4073  0.2224  0.4450  0.5291  0.9078  0.100000
epoch:8 0.2530  0.4254  0.2646  0.1067  0.2732  0.3667  0.2472  0.3824  0.3992  0.2081  0.4345  0.5258  0.9050  0.100000
epoch:9 0.2479  0.4201  0.2562  0.1053  0.2696  0.3569  0.2420  0.3828  0.4011  0.2080  0.4391  0.5159  0.9042  0.100000
epoch:10 0.2518  0.4257  0.2647  0.1114  0.2721  0.3712  0.2481  0.3971  0.4161  0.2274  0.4578  0.5341  0.9015  0.100000
epoch:11 0.2518  0.4227  0.2625  0.1048  0.2747  0.3666  0.2491  0.3891  0.4080  0.2087  0.4462  0.5491  0.9015  0.100000
epoch:12 0.2499  0.4222  0.2611  0.1098  0.2684  0.3707  0.2457  0.3929  0.4123  0.2309  0.4459  0.5313  0.8996  0.100000
epoch:13 0.2510  0.4252  0.2606  0.1072  0.2722  0.3738  0.2463  0.3848  0.4026  0.2161  0.4407  0.5303  0.8987  0.100000
epoch:14 0.3326  0.5408  0.3543  0.1565  0.3577  0.4831  0.2909  0.4552  0.4782  0.2866  0.5200  0.6271  0.7798  0.010000
epoch:15 0.3359  0.5459  0.3589  0.1568  0.3622  0.4856  0.2936  0.4590  0.4819  0.2961  0.5207  0.6302  0.7473  0.010000
epoch:16 0.3387  0.5485  0.3619  0.1563  0.3639  0.4938  0.2928  0.4568  0.4793  0.2837  0.5209  0.6298  0.7308  0.010000
epoch:17 0.3409  0.5508  0.3614  0.1658  0.3671  0.4963  0.2946  0.4612  0.4829  0.2928  0.5233  0.6357  0.7179  0.010000
epoch:18 0.3396  0.5485  0.3619  0.1568  0.3644  0.5004  0.2940  0.4582  0.4794  0.2842  0.5150  0.6360  0.7068  0.010000
epoch:19 0.3378  0.5458  0.3599  0.1607  0.3644  0.4909  0.2914  0.4551  0.4767  0.2843  0.5201  0.6218  0.6975  0.010000
epoch:20 0.3352  0.5450  0.3557  0.1620  0.3608  0.4863  0.2889  0.4492  0.4702  0.2826  0.5082  0.6128  0.6910  0.010000
epoch:21 0.3335  0.5414  0.3558  0.1511  0.3566  0.4903  0.2907  0.4538  0.4750  0.2820  0.5101  0.6273  0.6850  0.010000
epoch:22 0.3446  0.5586  0.3661  0.1629  0.3685  0.5043  0.2936  0.4560  0.4767  0.2826  0.5129  0.6326  0.6430  0.001000
epoch:23 0.3450  0.5570  0.3684  0.1618  0.3696  0.5073  0.2937  0.4537  0.4743  0.2803  0.5099  0.6297  0.6294  0.001000
epoch:24 0.3420  0.5548  0.3645  0.1608  0.3659  0.5034  0.2931  0.4532  0.4730  0.2759  0.5073  0.6282  0.6223  0.001000
epoch:25 0.3415  0.5554  0.3624  0.1591  0.3663  0.4983  0.2911  0.4500  0.4700  0.2726  0.5034  0.6222  0.6164  0.001000
